// MilkShape 3D ASCII

Frames: 30
Frame: 1

Meshes: 2
"E-Inner" 0 1
122
0 38.879066 17.197929 4.728292 0.816281 0.464749 -1
0 38.635170 19.636253 4.728292 0.824837 0.465415 -1
0 36.406624 20.026131 9.978497 0.830037 0.424983 -1
0 37.903465 22.048943 4.728292 0.833852 0.465815 -1
0 36.033363 20.918678 9.978497 0.833712 0.425181 -1
0 36.683937 24.435982 4.728292 0.843522 0.465990 -1
0 34.908257 22.610313 9.978497 0.841475 0.425053 -1
0 34.732201 26.797890 4.728292 0.854589 0.465830 -1
0 33.408607 24.425133 9.978497 0.850473 0.424693 -1
0 32.414696 28.215034 4.728292 0.863993 0.465124 -1
0 31.740105 25.445427 9.978497 0.857551 0.423438 -1
0 29.731453 28.687416 4.728292 0.872156 0.463735 -1
0 29.572212 25.827080 9.978497 0.864257 0.420784 -1
0 29.731453 28.687416 4.728292 -0.127844 0.463735 -1
0 -38.877068 28.687416 4.728292 0.148828 0.468955 -1
0 -36.596733 25.827080 9.978497 0.152195 0.430236 -1
0 29.572212 25.827080 9.978497 -0.135743 0.420784 -1
0 -36.596733 0.000001 9.978498 0.250004 0.430236 -1
0 -37.677032 0.000001 7.491234 0.253540 0.448579 -1
0 -20.557671 5.708436 4.728293 0.206901 0.430596 -1
0 -20.557671 17.197929 4.728292 0.139134 0.444430 -1
0 -22.837990 20.058250 9.978497 0.135306 0.399042 -1
0 -22.837990 2.848100 9.978498 0.230262 0.369794 -1
0 38.879066 0.000000 4.728294 0.749998 0.461894 -1
0 38.879066 5.708436 4.728293 0.773199 0.461889 -1
0 36.598747 2.848100 9.978498 0.762356 0.415523 -1
0 37.351379 0.000001 8.245641 0.750522 0.430830 -1
0 38.879066 5.708436 4.728293 -0.226801 0.461889 -1
0 36.598747 2.848100 9.978498 -0.237644 0.415523 -1
0 38.879066 17.197929 4.728292 -0.183719 0.464749 -1
0 36.406624 20.026131 9.978497 -0.169963 0.424983 -1
0 38.635170 19.636253 -4.824183 0.824837 0.535295 -1
0 38.879066 17.197929 -4.824183 0.816281 0.535975 -1
0 36.406624 20.026131 -9.976499 0.830037 0.575017 -1
0 37.903465 22.048943 -4.824183 0.833852 0.534887 -1
0 36.033363 20.918678 -9.976499 0.833712 0.574819 -1
0 36.683937 24.435982 -4.824183 0.843522 0.534708 -1
0 34.908257 22.610313 -9.976499 0.841475 0.574947 -1
0 34.732201 26.797890 -4.824183 0.854589 0.534872 -1
0 33.408607 24.425133 -9.976499 0.850473 0.575307 -1
0 32.414696 28.215034 -4.824183 0.863993 0.535592 -1
0 31.740105 25.445427 -9.976499 0.857551 0.576562 -1
0 29.731453 28.687416 -4.824184 0.872156 0.537009 -1
0 29.572212 25.827080 -9.976499 0.864257 0.579216 -1
0 -38.877068 28.687416 -4.824184 0.148828 0.531684 -1
0 29.731453 28.687416 -4.824184 -0.127844 0.537009 -1
0 -36.596733 25.827080 -9.976499 0.152195 0.569764 -1
0 29.572212 25.827080 -9.976499 -0.135743 0.579216 -1
0 -38.877068 -0.000000 -4.824182 0.250003 0.531684 -1
0 -37.677032 -0.000001 -7.535607 0.253540 0.551724 -1
0 -20.557671 17.197929 -4.824183 0.139134 0.556696 -1
0 -20.557671 5.708436 -4.824182 0.206901 0.570795 -1
0 -22.837990 20.058250 -9.976499 0.135307 0.600958 -1
0 -22.837990 2.848098 -9.976497 0.230262 0.630206 -1
0 36.598747 -0.000001 -9.976497 0.749996 0.584471 -1
0 36.598747 2.848098 -9.976497 0.762356 0.584477 -1
0 37.351379 -0.000001 -8.275948 0.750522 0.569428 -1
0 38.879066 5.708436 -4.824182 -0.226801 0.538892 -1
0 36.598747 2.848098 -9.976497 -0.237644 0.584477 -1
0 38.879066 17.197929 -4.824183 -0.183719 0.535975 -1
0 36.406624 20.026131 -9.976499 -0.169963 0.575017 -1
0 -38.877068 0.000000 4.728294 0.250003 0.468955 -1
0 -38.877068 -0.000000 -0.047779 0.250003 0.500318 -1
0 38.879066 -0.000000 -4.824181 0.749998 0.538887 -1
0 38.879066 5.708436 -4.824182 0.773199 0.538892 -1
0 38.879066 -0.000000 -0.017754 0.749998 0.500142 -1
0 -36.596733 -0.000001 -9.976497 0.250004 0.569764 -1
0 36.598747 0.000001 9.978498 0.749996 0.415529 -1
0 38.879066 -17.197929 4.728295 0.816281 0.464749 -1
0 36.406624 -20.026131 9.978500 0.830037 0.424983 -1
0 38.635170 -19.636253 4.728295 0.824837 0.465415 -1
0 36.033363 -20.918678 9.978500 0.833712 0.425181 -1
0 37.903465 -22.048943 4.728295 0.833852 0.465815 -1
0 34.908257 -22.610313 9.978500 0.841475 0.425053 -1
0 36.683937 -24.435982 4.728296 0.843522 0.465990 -1
0 33.408607 -24.425133 9.978500 0.850473 0.424693 -1
0 34.732201 -26.797890 4.728296 0.854589 0.465830 -1
0 31.740105 -25.445427 9.978500 0.857551 0.423438 -1
0 32.414696 -28.215034 4.728296 0.863993 0.465124 -1
0 29.572212 -25.827080 9.978500 0.864257 0.420784 -1
0 29.731453 -28.687416 4.728296 0.872156 0.463735 -1
0 29.731453 -28.687416 4.728296 -0.127844 0.463735 -1
0 -36.596733 -25.827080 9.978500 0.152195 0.430236 -1
0 -38.877068 -28.687416 4.728296 0.148828 0.468955 -1
0 29.572212 -25.827080 9.978500 -0.135743 0.420784 -1
0 -20.557671 -5.708436 4.728294 0.206901 0.430596 -1
0 -22.837990 -20.058250 9.978500 0.135306 0.399042 -1
0 -20.557671 -17.197929 4.728295 0.139134 0.444430 -1
0 -22.837990 -2.848098 9.978498 0.230262 0.369794 -1
0 36.598747 -2.848098 9.978498 0.762356 0.415523 -1
0 38.879066 -5.708436 4.728294 0.773199 0.461889 -1
0 38.879066 -5.708436 4.728294 -0.226801 0.461889 -1
0 36.598747 -2.848098 9.978498 -0.237644 0.415523 -1
0 38.879066 -17.197929 4.728295 -0.183719 0.464749 -1
0 36.406624 -20.026131 9.978500 -0.169963 0.424983 -1
0 38.635170 -19.636253 -4.824180 0.824837 0.535295 -1
0 36.406624 -20.026131 -9.976495 0.830037 0.575017 -1
0 38.879066 -17.197929 -4.824181 0.816281 0.535975 -1
0 37.903465 -22.048943 -4.824180 0.833852 0.534887 -1
0 36.033363 -20.918678 -9.976495 0.833712 0.574819 -1
0 36.683937 -24.435982 -4.824179 0.843522 0.534708 -1
0 34.908257 -22.610313 -9.976495 0.841475 0.574947 -1
0 34.732201 -26.797890 -4.824179 0.854589 0.534872 -1
0 33.408607 -24.425133 -9.976495 0.850473 0.575307 -1
0 32.414696 -28.215034 -4.824179 0.863993 0.535592 -1
0 31.740105 -25.445427 -9.976495 0.857551 0.576562 -1
0 29.731453 -28.687416 -4.824180 0.872156 0.537009 -1
0 29.572212 -25.827080 -9.976495 0.864257 0.579216 -1
0 -38.877068 -28.687416 -4.824180 0.148828 0.531684 -1
0 -36.596733 -25.827080 -9.976495 0.152195 0.569764 -1
0 29.731453 -28.687416 -4.824180 -0.127844 0.537009 -1
0 29.572212 -25.827080 -9.976495 -0.135743 0.579216 -1
0 -20.557671 -17.197929 -4.824181 0.139134 0.556696 -1
0 -22.837990 -20.058250 -9.976495 0.135307 0.600958 -1
0 -20.557671 -5.708436 -4.824181 0.206901 0.570795 -1
0 -22.837990 -2.848100 -9.976497 0.230262 0.630206 -1
0 36.598747 -2.848100 -9.976497 0.762356 0.584477 -1
0 38.879066 -5.708436 -4.824181 -0.226801 0.538892 -1
0 36.598747 -2.848100 -9.976497 -0.237644 0.584477 -1
0 38.879066 -17.197929 -4.824181 -0.183719 0.535975 -1
0 36.406624 -20.026131 -9.976495 -0.169963 0.575017 -1
0 38.879066 -5.708436 -4.824181 0.773199 0.538892 -1
96
0.919000 0.091900 0.383300
0.897300 0.242900 0.368600
0.901900 0.229600 0.365800
0.827100 0.400500 0.394300
0.846700 0.383600 0.368800
0.735900 0.522600 0.430600
0.760100 0.501300 0.413400
0.545800 0.703400 0.455500
0.623500 0.641400 0.447100
0.259300 0.840100 0.476500
0.364200 0.803600 0.470700
0.152400 0.865900 0.476400
0.000000 0.878100 0.478400
-0.917200 0.000000 0.398400
0.917200 0.000000 0.398400
-0.000200 -0.879300 0.476300
0.000000 -0.878100 0.478400
-0.000200 -0.879300 0.476200
-0.000500 -0.880500 0.474100
0.894900 0.242300 -0.374700
0.916500 0.091700 -0.389500
0.899600 0.229000 -0.371800
0.824700 0.399300 -0.400600
0.844500 0.382600 -0.374800
0.733200 0.520800 -0.437200
0.757700 0.499600 -0.419800
0.543600 0.700600 -0.462300
0.621100 0.638900 -0.453800
0.258200 0.836400 -0.483400
0.362700 0.800200 -0.477600
0.151800 0.862200 -0.483300
0.000000 0.874300 -0.485400
-0.914400 -0.000000 -0.404700
0.914400 0.000000 -0.404700
0.000000 -0.874300 -0.485400
-0.000200 -0.875500 -0.483200
-0.000200 -0.875600 -0.483100
-0.000500 -0.876700 -0.481000
0.995000 0.099500 0.000000
0.973800 0.227600 0.000000
0.986500 0.163800 0.000000
0.915900 0.401500 -0.000000
0.938100 0.346300 0.000000
0.815100 0.579400 0.000000
0.855200 0.518400 0.000000
0.612200 0.790700 0.000000
0.696300 0.717800 0.000000
0.294100 0.955800 -0.000000
0.412000 0.911200 0.000000
0.173400 0.984900 0.000000
0.000000 1.000000 0.000000
-1.000000 0.000000 0.000000
1.000000 -0.000000 0.000000
0.000000 -1.000000 0.000000
0.919000 -0.091900 0.383300
0.901900 -0.229600 0.365800
0.897300 -0.242900 0.368600
0.846700 -0.383500 0.368800
0.827100 -0.400500 0.394300
0.760100 -0.501300 0.413400
0.735900 -0.522600 0.430600
0.623500 -0.641400 0.447100
0.545800 -0.703400 0.455500
0.364200 -0.803600 0.470700
0.259300 -0.840100 0.476500
0.152400 -0.865900 0.476400
-0.000200 0.879300 0.476300
-0.000200 0.879300 0.476200
-0.000500 0.880500 0.474100
0.894900 -0.242300 -0.374700
0.899600 -0.229000 -0.371800
0.916500 -0.091700 -0.389500
0.824700 -0.399300 -0.400600
0.844500 -0.382600 -0.374800
0.733200 -0.520800 -0.437200
0.757700 -0.499600 -0.419800
0.543600 -0.700600 -0.462300
0.621100 -0.638900 -0.453800
0.258200 -0.836400 -0.483400
0.362700 -0.800200 -0.477600
0.151800 -0.862200 -0.483300
-0.000300 0.875600 -0.483100
-0.000200 0.875500 -0.483200
-0.000500 0.876700 -0.481000
0.995000 -0.099500 0.000000
0.986500 -0.163800 0.000000
0.973800 -0.227600 -0.000000
0.938100 -0.346300 -0.000000
0.915900 -0.401500 0.000000
0.855200 -0.518400 0.000000
0.815100 -0.579400 0.000000
0.696300 -0.717800 -0.000000
0.612200 -0.790700 -0.000000
0.412000 -0.911200 0.000000
0.294100 -0.955800 -0.000000
0.173400 -0.984900 0.000000
152
0 0 1 2 0 1 2 1
0 1 3 4 1 3 4 1
0 4 2 1 4 2 1 1
0 3 5 6 3 5 6 1
0 6 4 3 6 4 3 1
0 5 7 8 5 7 8 1
0 8 6 5 8 6 5 1
0 7 9 10 7 9 10 1
0 10 8 7 10 8 7 1
0 9 11 12 9 11 11 1
0 12 10 9 11 10 9 1
0 13 14 15 12 12 12 1
0 15 16 13 12 12 12 1
0 17 15 14 13 13 13 1
0 17 14 18 13 13 13 1
0 19 20 21 14 14 14 1
0 21 22 19 14 14 14 1
0 23 24 25 14 14 14 1
0 23 25 26 14 14 14 1
0 27 19 22 12 12 12 1
0 22 28 27 12 12 12 1
0 21 20 29 15 16 17 1
0 21 29 30 15 17 18 1
0 31 32 33 19 20 21 1
0 34 31 35 22 19 23 1
0 33 35 31 21 23 19 1
0 36 34 37 24 22 25 1
0 35 37 34 23 25 22 1
0 38 36 39 26 24 27 1
0 37 39 36 25 27 24 1
0 40 38 41 28 26 29 1
0 39 41 38 27 29 26 1
0 42 40 43 30 28 30 1
0 41 43 40 29 30 28 1
0 44 45 46 31 31 31 1
0 47 46 45 31 31 31 1
0 48 44 49 32 32 32 1
0 50 51 52 33 33 33 1
0 53 52 51 33 33 33 1
0 54 55 56 33 33 33 1
0 51 57 53 31 31 31 1
0 58 53 57 31 31 31 1
0 50 52 59 34 35 36 1
0 59 52 60 36 35 37 1
0 32 31 1 38 39 40 1
0 1 0 32 40 38 38 1
0 31 34 3 39 41 42 1
0 3 1 31 42 40 39 1
0 34 36 5 41 43 44 1
0 5 3 34 44 42 41 1
0 36 38 7 43 45 46 1
0 7 5 36 46 44 43 1
0 38 40 9 45 47 48 1
0 9 7 38 48 46 45 1
0 40 42 11 47 49 49 1
0 11 9 40 49 48 47 1
0 45 44 14 50 50 50 1
0 14 13 45 50 50 50 1
0 61 14 44 51 51 51 1
0 61 44 62 51 51 51 1
0 51 50 20 52 52 52 1
0 20 19 51 52 52 52 1
0 63 64 24 52 52 52 1
0 63 24 65 52 52 52 1
0 57 51 19 50 50 50 1
0 19 27 57 50 50 50 1
0 50 59 29 53 53 53 1
0 29 20 50 53 53 53 1
0 46 66 49 32 32 32 1
0 46 49 44 32 32 32 1
0 64 63 56 33 33 33 1
0 64 56 55 33 33 33 1
0 44 48 62 51 51 51 1
0 25 67 26 14 14 14 1
0 24 23 65 52 52 52 1
0 14 61 18 13 13 13 1
0 68 69 70 54 55 56 1
0 70 71 72 56 57 58 1
0 71 70 69 57 56 55 1
0 72 73 74 58 59 60 1
0 73 72 71 59 58 57 1
0 74 75 76 60 61 62 1
0 75 74 73 61 60 59 1
0 76 77 78 62 63 64 1
0 77 76 75 63 62 61 1
0 78 79 80 64 65 65 1
0 79 78 77 65 64 63 1
0 81 82 83 16 16 16 1
0 82 81 84 16 16 16 1
0 17 18 83 13 13 13 1
0 17 83 82 13 13 13 1
0 85 86 87 14 14 14 1
0 86 85 88 14 14 14 1
0 23 26 89 14 14 14 1
0 23 89 90 14 14 14 1
0 91 88 85 16 16 16 1
0 88 91 92 16 16 16 1
0 86 93 87 66 67 12 1
0 86 94 93 66 68 67 1
0 95 96 97 69 70 71 1
0 98 99 95 72 73 69 1
0 96 95 99 70 69 73 1
0 100 101 98 74 75 72 1
0 99 98 101 73 72 75 1
0 102 103 100 76 77 74 1
0 101 100 103 75 74 77 1
0 104 105 102 78 79 76 1
0 103 102 105 77 76 79 1
0 106 107 104 80 80 78 1
0 105 104 107 79 78 80 1
0 108 109 110 34 34 34 1
0 111 110 109 34 34 34 1
0 48 49 108 32 32 32 1
0 112 113 114 33 33 33 1
0 115 114 113 33 33 33 1
0 54 56 116 33 33 33 1
0 114 115 117 34 34 34 1
0 118 117 115 34 34 34 1
0 112 119 113 31 81 82 1
0 119 120 113 81 83 82 1
0 97 70 95 84 85 86 1
0 70 97 68 85 84 84 1
0 95 72 98 86 87 88 1
0 72 95 70 87 86 85 1
0 98 74 100 88 89 90 1
0 74 98 72 89 88 87 1
0 100 76 102 90 91 92 1
0 76 100 74 91 90 89 1
0 102 78 104 92 93 94 1
0 78 102 76 93 92 91 1
0 104 80 106 94 95 95 1
0 80 104 78 95 94 93 1
0 110 83 108 53 53 53 1
0 83 110 81 53 53 53 1
0 61 62 108 51 51 51 1
0 61 108 83 51 51 51 1
0 114 87 112 52 52 52 1
0 87 114 85 52 52 52 1
0 63 65 90 52 52 52 1
0 63 90 121 52 52 52 1
0 117 85 114 53 53 53 1
0 85 117 91 53 53 53 1
0 112 93 119 50 50 50 1
0 93 112 87 50 50 50 1
0 109 108 49 32 32 32 1
0 109 49 66 32 32 32 1
0 121 116 56 33 33 33 1
0 121 56 63 33 33 33 1
0 108 62 48 51 51 51 1
0 89 26 67 14 14 14 1
0 90 65 23 52 52 52 1
0 83 18 61 13 13 13 1
"E-Outer" 0 0
58
0 -22.837990 20.058250 9.978497 0.135306 0.399042 -1
0 36.406624 20.026131 9.978497 -0.169963 0.424983 -1
0 36.033363 20.918678 9.978497 -0.166288 0.425181 -1
0 34.908257 22.610313 9.978497 -0.158525 0.425053 -1
0 33.408607 24.425133 9.978497 -0.149527 0.424693 -1
0 31.740105 25.445427 9.978497 -0.142449 0.423438 -1
0 29.572212 25.827080 9.978497 -0.135743 0.420784 -1
0 -36.596733 25.827080 9.978497 0.152195 0.430236 -1
0 7.254503 0.000001 9.978498 0.519401 0.392970 -1
0 36.598747 0.000001 9.978498 0.749996 0.415529 -1
0 36.598747 2.848100 9.978498 0.762356 0.415523 -1
0 7.254503 0.000001 9.978498 0.013106 0.392970 -1
0 36.598747 2.848100 9.978498 -0.237644 0.415523 -1
0 -22.837990 2.848100 9.978498 0.230262 0.369794 -1
0 -22.837990 0.000001 9.978498 0.250004 0.369817 -1
0 -24.204641 0.000001 9.978498 0.241938 0.375798 -1
0 36.406624 20.026131 -9.976499 -0.169963 0.575017 -1
0 -22.837990 20.058250 -9.976499 0.135307 0.600958 -1
0 36.033363 20.918678 -9.976499 -0.166288 0.574819 -1
0 34.908257 22.610313 -9.976499 -0.158525 0.574947 -1
0 33.408607 24.425133 -9.976499 -0.149527 0.575307 -1
0 31.740105 25.445427 -9.976499 -0.142449 0.576562 -1
0 29.572212 25.827080 -9.976499 -0.135743 0.579216 -1
0 -36.596733 25.827080 -9.976499 0.152195 0.569764 -1
0 36.598747 -0.000001 -9.976497 0.749996 0.584471 -1
0 7.254503 -0.000001 -9.976497 0.519401 0.607030 -1
0 36.598747 2.848098 -9.976497 0.762356 0.584477 -1
0 -22.837990 2.848098 -9.976497 0.230262 0.630206 -1
0 -24.204641 -0.000001 -9.976497 0.241938 0.624202 -1
0 -28.852728 -0.000001 -9.976497 0.228202 0.587321 -1
0 36.598747 2.848098 -9.976497 -0.237644 0.584477 -1
0 7.254503 -0.000001 -9.976497 0.013106 0.607030 -1
0 -22.837990 -0.000001 -9.976497 0.250004 0.630183 -1
0 -36.596733 -0.000001 -9.976497 0.250004 0.569764 -1
0 -36.596733 0.000001 9.978498 0.250004 0.430236 -1
0 -28.852728 0.000001 9.978498 0.228202 0.412679 -1
0 -22.837990 -20.058250 9.978500 0.135306 0.399042 -1
0 36.033363 -20.918678 9.978500 -0.166288 0.425181 -1
0 36.406624 -20.026131 9.978500 -0.169963 0.424983 -1
0 34.908257 -22.610313 9.978500 -0.158525 0.425053 -1
0 33.408607 -24.425133 9.978500 -0.149527 0.424693 -1
0 31.740105 -25.445427 9.978500 -0.142449 0.423438 -1
0 29.572212 -25.827080 9.978500 -0.135743 0.420784 -1
0 -36.596733 -25.827080 9.978500 0.152195 0.430236 -1
0 36.598747 -2.848098 9.978498 0.762356 0.415523 -1
0 -22.837990 -2.848098 9.978498 0.230262 0.369794 -1
0 36.598747 -2.848098 9.978498 -0.237644 0.415523 -1
0 36.406624 -20.026131 -9.976495 -0.169963 0.575017 -1
0 36.033363 -20.918678 -9.976495 -0.166288 0.574819 -1
0 -22.837990 -20.058250 -9.976495 0.135307 0.600958 -1
0 34.908257 -22.610313 -9.976495 -0.158525 0.574947 -1
0 33.408607 -24.425133 -9.976495 -0.149527 0.575307 -1
0 31.740105 -25.445427 -9.976495 -0.142449 0.576562 -1
0 29.572212 -25.827080 -9.976495 -0.135743 0.579216 -1
0 -36.596733 -25.827080 -9.976495 0.152195 0.569764 -1
0 36.598747 -2.848100 -9.976497 0.762356 0.584477 -1
0 -22.837990 -2.848100 -9.976497 0.230262 0.630206 -1
0 36.598747 -2.848100 -9.976497 -0.237644 0.584477 -1
2
-0.000000 0.000000 1.000000
-0.000000 0.000000 -1.000000
56
0 0 1 2 0 0 0 1
0 0 2 3 0 0 0 1
0 0 3 4 0 0 0 1
0 0 4 5 0 0 0 1
0 0 5 6 0 0 0 1
0 0 6 7 0 0 0 1
0 8 9 10 0 0 0 1
0 11 12 13 0 0 0 1
0 11 13 14 0 0 0 1
0 14 13 15 0 0 0 1
0 16 17 18 1 1 1 1
0 18 17 19 1 1 1 1
0 19 17 20 1 1 1 1
0 20 17 21 1 1 1 1
0 21 17 22 1 1 1 1
0 22 17 23 1 1 1 1
0 24 25 26 1 1 1 1
0 17 27 28 1 1 1 1
0 17 28 29 1 1 1 1
0 30 31 32 1 1 1 1
0 30 32 27 1 1 1 1
0 27 32 28 1 1 1 1
0 23 17 29 1 1 1 1
0 23 29 33 1 1 1 1
0 0 7 34 0 0 0 1
0 0 34 35 0 0 0 1
0 13 0 35 0 0 0 1
0 13 35 15 0 0 0 1
0 36 37 38 0 0 0 1
0 36 39 37 0 0 0 1
0 36 40 39 0 0 0 1
0 36 41 40 0 0 0 1
0 36 42 41 0 0 0 1
0 36 43 42 0 0 0 1
0 8 44 9 0 0 0 1
0 11 14 45 0 0 0 1
0 11 45 46 0 0 0 1
0 14 15 45 0 0 0 1
0 47 48 49 1 1 1 1
0 48 50 49 1 1 1 1
0 50 51 49 1 1 1 1
0 51 52 49 1 1 1 1
0 52 53 49 1 1 1 1
0 53 54 49 1 1 1 1
0 24 55 25 1 1 1 1
0 49 29 28 1 1 1 1
0 49 28 56 1 1 1 1
0 57 56 32 1 1 1 1
0 57 32 31 1 1 1 1
0 56 28 32 1 1 1 1
0 54 33 29 1 1 1 1
0 54 29 49 1 1 1 1
0 36 35 34 0 0 0 1
0 36 34 43 0 0 0 1
0 45 15 35 0 0 0 1
0 45 35 36 0 0 0 1

Materials: 2
"1 - Default"
0.000000 0.047059 0.690196 1.000000
0.000000 0.047059 0.690196 1.000000
0.898039 0.898039 0.898039 1.000000
0.000000 0.000000 0.000000 1.000000
0.100000
1.000000
".\blue sphere.png"
".\bluereflect sphere add.png"
"blackshine"
0.000000 0.000000 0.000000 1.000000
0.000000 0.000000 0.000000 1.000000
0.898039 0.898039 0.898039 1.000000
0.000000 0.000000 0.000000 1.000000
0.180000
1.000000
".\black sphere.png"
".\plastic sphere add.png"

Bones: 0